Title#0,"""[Seasonal] Rare Enemy Subjugation I"""
Summary#0,"""Defeat Rare Enemies marked with the Season Symbol at Central Aelio."""
text0101#0,"""Defeat Symbol-marked Rare Enemies at Central Aelio"""
