Title#0,"""Vanford Research Lab Ruins Subyugación enemiga Ⅱ"""
Summary#0,"""Derrota a cualquier enemigo en Vanford Research Lab Ruins Sección de alto rango<br><br><yellow>※Sección de rango alto de destino: Rango 2 o mas<c>"""
text0101#0,"""Derrota a cualquier enemigo en Vanford Research Lab Ruins"""
