Title#0,"""Potential Releasing III"""
Summary#0,"""Release your weapon's Potential at the Item Lab.<br><br><yellow>※Gathering Materials required:<br>\u3000Photon Chunk, Trinite<c>"""
text0101#0,"""Release a weapon's Lv.3 Potential"""
