skit01#0,"""La confesión de María"""
skit02#0,"""第８章 終わりの始まり"""
