Title#0,"""Boss Enemies"""
text0001#0,"""<yellow>【 Boss Enemies 】<c> คือศัตรูที่ทรงพลังที่สุด<br><br>Boss Enemies สามารถแยกแยะได้จากศัตรูทั่วไปด้วย <yellow>ไอคอนรูป ▲ หรือ ◆<c> บน Radar Map"""
