Title#0,"""Укращение Фонгальфов"""
Explanation#0,"""Популяция Фонгальфов, как и многие другие,<br>озлобились и взбесились. Эти существа<br>неоднократно нападали на ARKS. Разберитесь<br>с Фонгальфами, чтобы можно было безопасно<br>продолжить исследования.<br><br>――――――――――――――――――――<br>Неудача: потерпеть поражение в конечной местности"""
SimpleExplanation#0,"""Убейте Фонгальфа!"""
a1#0,"""Завершите определённый частный заказ"""
a2#0,"""Завершите определённый частный заказ"""
a3#0,"""Получите лиц. одобр-я \""СС\"" сложности"""
