Title#0,"""Anfänger Katana-Nutzung"""
Explanation#0,"""あ！\u3000準へっぽこぴー見っけ！<br>え？\u3000「準」をつけないでほしいの？<br>半人前のブレイバーは名前で呼べないわよ！<br>だってアンタ、使える武器を限定されても<br>海岸のクエストをＳランクでクリアできる？<br>それができないうちは一人前とは言えないわ<br>もし、カタナだけでクリアできるなら<br>ブレイバーさんって呼んであげる！<br><yellow>※ブレイバー限定、抜剣系限定で<br>ハード以上、Ｓランククリア<c>"""
