Title#0,"""Gu Wonda Suppression"""
Explanation#0,"""Esto va a todos los<br>Teams ARKS .<br><br>Suprimir los siguientes enemigos.<br><br>Objetivo: Gu Wonda<br>Recomendado: Cont. Flotante, Ruinas<br><br><yellow>※Los enemigos deben ser Nvl 1 o +.<c>"""
