text01#0,"""Ooh, so you think you're really good at using a <br>rifle now, do you?"""
11_voice_NPC_5026_100#0,"""Well isn't that special? You're so sure of yourself.<br>It must feel nice. But you know what? That's<br>exactly the kind of thing that will get you killed."""
text03#0,"""And if you die, that's one less person I can go<br>on shooting sprees with. So how about we go<br>do some shooting practice to keep us humble?"""
text04#0,"""As long as YOU keep doing the killing, your<br>opponents won't be able to kill you, right?"""
text05#0,"""Okay okay, let's go let's go. Just remember,<br>keep shooting and massacring those hostiles.<br>After all, that's what we get paid for. Hee hee!"""
text01#1,"""あらあらあらあー？　もしかして<br>あなたはアサルトライフルに<br>相当慣れてきたとか思ってませんかあ？"""
11_voice_NPC_5026_100#1,"""ふふふっ、いいですねえ<br>過信やうぬぼれってたまりませんねえ。<br>とたんにひとが死にやすくなります。"""
text03#1,"""ですけどお、あなたが死んでしまうと<br>リサの相手が減ってつまらないのです。<br>ですから、ちょっと行きましょう。"""
text04#1,"""死ぬってことをほかのものに<br>押しつけてしまえば、あなたは<br>死なないじゃないですかあ？"""
text05#1,"""さあさ、行きますよ、行きますよお。<br>敵さんを撃って殺して屠りましょう。<br>それがお仕事ですからねえ。ふふふっ。"""
