Title#0,"""Fighter: Entrenamiento basico"""
Summary#0,"""Dantre, el instructor de entrenamiento de ARKS, te enseña a luchar como un luchador.<br><br><yellow>※Habilidad de clase recomendada:<br>3000Limit Break<br>"""
text0101#0,"""Configure su clase principal en Fighter"""
text0102#0,"""Ve a South Aerio como a Fighter"""
text0103#0,"""Usa Limit Break"""
text0104#0,"""Derrota enemigos en South Aerio Como Fighter"""
Objective333#0,"""Reportar a Dantre"""
