Title#0,"""反擊的龍族"""
Explanation#0,"""<yellow>このオーダーは、配信停止に<br>なりました。<br>オーダー達成済の場合は<br>報告することができます。<br>オーダー未達成の場合は<br>報告する事ができないため<br>オーダーの破棄をお願い致します。<c>"""
