name01#0,"""艾可"""
skit01#0,"""......回去還太早喔。<br>不趕盡殺絕的話......"""
skit01#1,"""/ci5 1 ......回去還太早喔。<br>不趕盡殺絕的話......"""
