Title#0,"""事件地圖的探索"""
TargetName_Errand#0,"""在此任務中，發現在某處出現的事件地圖後，<br>瀏覽事件。"""
Explanation#0,"""【任務】<br>　調查求救信號<br>　區域1<br><br>【事件】<br>　向前踏出一步"""
