name01#0,"""芙莉葉"""
11_voice_NPC_5008_104#0,"""呼，終於結束了！<br>我應該有稍微變強了吧......？"""
text02#0,"""那麼，我們回去吧。<br><%me>。"""
