Title#0,"""內心動搖的阿爾瑪"""
Explanation#0,"""***"""
StoryExplanation#0,"""＜主な登場キャラクター＞<br>\u3000アルマ、マトイ<br>＜場所＞<br>\u3000アークスシップ\u3000ショップエリア"""
SimpleExplanation#0,"""***"""
Area0S#0,"""????"""
Area0L#0,"""????"""
Area1S#0,"""????"""
Area1L#0,"""????"""
QuestInfoAreaName#0,"""????"""
