name_7224#0,"""Citrae"""
ssq_019060_008_0001#0,"""Back at it? That's a lot of enemies you've taken out. Keep it up!"""
