name_7211#0,"""Xiandy"""
ssn_019005_0001#0,"""...Target enemy defeat, confirmed. Incredible!"""
ssn_019005_0002#0,"""Could you please return here immediately?"""
